00000000000100000000000001110011
11111111111000000000000010010011
00000000000100000000000001110011
00000000000100001010000100010011
00000000000100000000000001110011
00000000000100001011000110010011
00000000000100000000000001110011
00000000111100000100001000010011
00000000000100000000000001110011
00000000111100000110001010010011
00000000000100000000000001110011
01000000001000001000001100110011
00000000000100000000000001110011
00000000011000101000001110110011
00000000000100000000000001110011
00000000001000010001010000010011
00000000000100000000000001110011
00000000000101000101010010010011
00000000000100000000000001110011
01000000000101000101010100010011
00000000000100000000000001110011